202 1120
20150816 105332 1 104180 0
20150816 104269 1 104542 0
20150816 105676 1 104229 0
20150816 103333 1 104468 0
20150816 105373 1 106233 0
20150816 106432 1 100644 0
20150816 106071 1 104660 0
20150816 111577 1 103917 0
20150816 105668 1 104792 0
20150816 105023 1 104545 0
20150816 103990 1 104665 0
20150816 105064 1 106210 0
20150816 105311 1 104259 0
20150816 106423 1 104926 0
20150816 104755 1 106401 0
20150816 105777 1 104586 0
20150816 105577 1 106045 0
20150816 103888 1 104678 0
20150816 104871 1 104330 0
20150816 104312 1 105173 0
20150816 103852 1 105683 0
20150816 104731 1 104919 0
20150816 106058 1 106216 0
20150816 105138 1 104655 0
20150816 104925 1 105332 0
20150816 105676 1 104269 0
20150816 103333 1 105373 0
20150816 104527 1 106432 0
20150816 105238 1 106071 0
20150816 105668 1 111577 0
20150816 103990 1 105023 0
20150816 104607 1 105064 0
20150816 105227 1 105311 0
20150816 104755 1 106423 0
20150816 105777 1 105577 0
20150816 104918 1 103888 0
20150816 104745 1 104871 0
20150816 103852 1 104312 0
20150816 104731 1 106058 0
20150816 103819 1 105138 0
20150816 104925 1 105676 0
20150816 104527 1 103333 0
20150816 105238 1 105668 0
20150816 104607 1 103990 0
20150816 104755 1 105227 0
20150816 104918 1 105777 0
20150816 103852 1 104745 0
20150816 103819 1 104731 0
20150816 104925 1 104527 0
20150816 105238 1 104607 0
20150816 104918 1 104755 0
20150816 103819 1 103852 0
20150816 104925 1 105238 0
20150816 103819 1 104918 0
20150816 103819 1 104925 0
20151011 105373 1 105585 0
20151011 106233 1 104229 0
20151011 103852 1 105723 0
20151011 104755 1 104180 0
20151011 105577 1 104620 0
20151011 106071 1 104269 0
20151011 105449 1 104312 0
20151011 105676 1 104424 0
20151011 104545 1 105173 0
20151011 104468 1 105932 0
20151011 104919 1 105339 0
20151011 106058 1 103997 0
20151011 103333 1 104871 0
20151011 105138 1 104198 0
20151011 105683 1 105064 0
20151011 105227 1 105842 0
20151011 106432 1 105238 0
20151011 104678 1 104655 0
20151011 106401 1 104890 0
20151011 104926 1 105311 0
20151011 104731 1 103163 0
20151011 104542 1 103990 0
20151011 103607 1 105385 0
20151011 105077 1 105023 0
20151011 104925 1 105373 0
20151011 103852 1 106233 0
20151011 104755 1 105577 0
20151011 106071 1 103970 0
20151011 104918 1 105449 0
20151011 104545 1 105676 0
20151011 104468 1 104919 0
20151011 104607 1 106058 0
20151011 104745 1 103333 0
20151011 105683 1 105138 0
20151011 105227 1 106432 0
20151011 104527 1 104678 0
20151011 105453 1 106401 0
20151011 104731 1 104926 0
20151011 104542 1 103607 0
20151011 105077 1 103819 0
20151011 104925 1 103852 0
20151011 106071 1 104755 0
20151011 104918 1 104545 0
20151011 104607 1 104468 0
20151011 104745 1 105683 0
20151011 104527 1 105227 0
20151011 104731 1 105453 0
20151011 104542 1 105077 0
20151011 104925 1 106071 0
20151011 104918 1 104607 0
20151011 104745 1 104527 0
20151011 104542 1 104731 0
20151011 104925 1 104918 0
20151011 104542 1 104745 0
20151011 104925 1 104542 0
20151102 105064 1 104559 0
20151102 105332 1 104792 0
20151102 105138 1 105732 0
20151102 104273 1 103333 0
20151102 106071 1 104926 0
20151102 104678 1 106058 0
20151102 106233 1 105173 0
20151102 104586 1 104198 0
20151102 105238 1 106210 0
20151102 105777 1 105807 0
20151102 105379 1 104719 0
20151102 104312 1 104655 0
20151102 104871 1 106298 0
20151102 104919 1 105373 0
20151102 105583 1 103917 0
20151102 106432 1 104269 0
20151102 104925 1 105064 0
20151102 104468 1 105332 0
20151102 104542 1 105138 0
20151102 104607 1 104273 0
20151102 104527 1 106071 0
20151102 104678 1 103852 0
20151102 104731 1 106233 0
20151102 104745 1 104586 0
20151102 103970 1 105238 0
20151102 105777 1 105227 0
20151102 104545 1 105379 0
20151102 103819 1 104312 0
20151102 105453 1 104871 0
20151102 104755 1 104919 0
20151102 105676 1 105583 0
20151102 104918 1 106432 0
20151102 104925 1 104468 0
20151102 104607 1 104542 0
20151102 104527 1 104678 0
20151102 104745 1 104731 0
20151102 103970 1 105777 0
20151102 104545 1 103819 0
20151102 104755 1 105453 0
20151102 104918 1 105676 0
20151102 104925 1 104607 0
20151102 104527 1 104745 0
20151102 103970 1 104545 0
20151102 104918 1 104755 0
20151102 104925 1 104527 0
20151102 104918 1 103970 0
20151102 104925 1 104918 0
20150629 104925 1 104259 0
20150629 103813 1 103720 0
20150629 105732 1 111202 0
20150629 106071 1 105526 0
20150629 104919 1 106423 0
20150629 104719 1 104386 0
20150629 104947 1 105668 0
20150629 104731 1 106298 0
20150629 105227 1 105655 0
20150629 105575 1 104890 0
20150629 105051 1 105641 0
20150629 104545 1 104424 0
20150629 106045 1 104655 0
20150629 100644 1 104559 0
20150629 105053 1 105154 0
20150629 105453 1 104620 0
20150629 104527 1 105311 0
20150629 103607 1 103794 0
20150629 104269 1 105373 0
20150629 106233 1 104534 0
20150629 105357 1 103990 0
20150629 104571 1 105385 0
20150629 106281 1 104594 0
20150629 105676 1 104547 0
20150629 105777 1 105643 0
20150629 105449 1 105041 0
20150629 104932 1 105441 0
20150629 104755 1 106291 0
20150629 106401 1 106043 0
20150629 104338 1 104252 0
20150629 103163 1 105583 0
20150629 105683 1 104593 0
20150629 104868 1 104563 0
20150629 106210 1 103893 0
20150629 105577 1 104672 0
20150629 104926 1 105065 0
20150629 104678 1 104873 0
20150629 105379 1 103285 0
20150629 104460 1 104229 0
20150629 104745 1 105064 0
20150629 104542 1 104180 0
20150629 105077 1 104797 0
20150629 105238 1 106378 0
20150629 103333 1 111200 0
20150629 104312 1 105454 0
20150629 106432 1 104660 0
20150629 104898 1 104268 0
20150629 104918 1 105062 0
20150629 104607 1 104871 0
20150629 103917 1 105936 0
20150629 104586 1 105208 0
20150629 104665 1 104198 0
20150629 104792 1 105807 0
20150629 105173 1 103582 0
20150629 104882 1 105216 0
20150629 104468 1 104597 0
20150629 103852 1 104327 0
20150629 105932 1 105487 0
20150629 105332 1 104022 0
20150629 105138 1 105074 0
20150629 105032 1 106058 0
20150629 105902 1 104291 0
20150629 105023 1 104997 0
20150629 103819 1 106000 0
20150629 104925 1 103813 0
20150629 106071 1 105732 0
20150629 104919 1 104719 0
20150629 104731 1 104947 0
20150629 105227 1 105575 0
20150629 104545 1 105051 0
20150629 106045 1 100644 0
20150629 105053 1 105453 0
20150629 104527 1 103607 0
20150629 104269 1 106233 0
20150629 104571 1 105357 0
20150629 105676 1 106281 0
20150629 105777 1 105449 0
20150629 104755 1 104932 0
20150629 106401 1 104338 0
20150629 105683 1 103163 0
20150629 104868 1 106210 0
20150629 105577 1 104926 0
20150629 104678 1 105379 0
20150629 104460 1 104745 0
20150629 104542 1 105077 0
20150629 103333 1 105238 0
20150629 104312 1 106432 0
20150629 104918 1 104898 0
20150629 104607 1 103917 0
20150629 104665 1 104586 0
20150629 104792 1 105173 0
20150629 104468 1 104882 0
20150629 105932 1 103852 0
20150629 105138 1 105332 0
20150629 105032 1 105902 0
20150629 103819 1 105023 0
20150629 104925 1 106071 0
20150629 104731 1 104919 0
20150629 105227 1 104545 0
20150629 106045 1 105053 0
20150629 104527 1 104269 0
20150629 105676 1 104571 0
20150629 104755 1 105777 0
20150629 106401 1 105683 0
20150629 105577 1 104868 0
20150629 104678 1 104460 0
20150629 103333 1 104542 0
20150629 104918 1 104312 0
20150629 104607 1 104665 0
20150629 104468 1 104792 0
20150629 105138 1 105932 0
20150629 103819 1 105032 0
20150629 104925 1 104731 0
20150629 105227 1 106045 0
20150629 104527 1 105676 0
20150629 104755 1 106401 0
20150629 105577 1 104678 0
20150629 104918 1 103333 0
20150629 104468 1 104607 0
20150629 103819 1 105138 0
20150629 104925 1 105227 0
20150629 104755 1 104527 0
20150629 104918 1 105577 0
20150629 103819 1 104468 0
20150629 104925 1 104755 0
20150629 103819 1 104918 0
20150629 104925 1 103819 0
20150810 105064 1 104655 0
20150810 106058 1 105173 0
20150810 105777 1 105238 0
20150810 104586 1 104731 0
20150810 105208 1 106233 0
20150810 105385 1 106045 0
20150810 106401 1 104269 0
20150810 105577 1 104229 0
20150810 104545 1 103794 0
20150810 104871 1 103917 0
20150810 104919 1 111202 0
20150810 103333 1 105668 0
20150810 104660 1 106290 0
20150810 104022 1 104678 0
20150810 104468 1 104312 0
20150810 105676 1 105449 0
20150810 105023 1 105373 0
20150810 104665 1 104433 0
20150810 106071 1 105311 0
20150810 105138 1 104386 0
20150810 104542 1 106432 0
20150810 104792 1 104926 0
20150810 104180 1 105229 0
20150810 103990 1 103852 0
20150810 104925 1 105064 0
20150810 106058 1 105777 0
20150810 105208 1 104586 0
20150810 105385 1 104607 0
20150810 106401 1 104527 0
20150810 104545 1 105577 0
20150810 104871 1 104919 0
20150810 103333 1 105683 0
20150810 104745 1 104660 0
20150810 104022 1 104468 0
20150810 105676 1 105023 0
20150810 105453 1 104665 0
20150810 106071 1 105227 0
20150810 104542 1 105138 0
20150810 104180 1 104792 0
20150810 104918 1 103990 0
20150810 104925 1 106058 0
20150810 105208 1 105385 0
20150810 104545 1 106401 0
20150810 104871 1 103333 0
20150810 104745 1 104022 0
20150810 105453 1 105676 0
20150810 104542 1 106071 0
20150810 104918 1 104180 0
20150810 104925 1 105208 0
20150810 104871 1 104545 0
20150810 105453 1 104745 0
20150810 104918 1 104542 0
20150810 104925 1 104871 0
20150810 104918 1 105453 0
20150810 104918 1 104925 0
20150312 104571 1 106210 0
20150312 105077 1 104678 0
20150312 103781 1 106261 0
20150312 105643 1 105583 0
20150312 104338 1 104559 0
20150312 106423 1 105526 0
20150312 106432 1 104890 0
20150312 104471 1 105311 0
20150312 105577 1 105062 0
20150312 105065 1 103794 0
20150312 105173 1 104999 0
20150312 104593 1 105032 0
20150312 104273 1 104594 0
20150312 103813 1 105217 0
20150312 105902 1 106233 0
20150312 105992 1 103888 0
20150312 104620 1 105064 0
20150312 105238 1 104433 0
20150312 104979 1 104460 0
20150312 106401 1 106045 0
20150312 104291 1 105147 0
20150312 103582 1 103607 0
20150312 105385 1 105807 0
20150312 104997 1 105936 0
20150312 104898 1 106109 0
20150312 105373 1 104665 0
20150312 105449 1 104719 0
20150312 104660 1 105023 0
20150312 104797 1 105572 0
20150312 106058 1 104229 0
20150312 103812 1 104022 0
20150312 106043 1 105668 0
20150312 104925 1 104571 0
20150312 105077 1 103898 0
20150312 104545 1 103781 0
20150312 104731 1 105643 0
20150312 104338 1 105227 0
20150312 106423 1 104198 0
20150312 106071 1 106432 0
20150312 103970 1 104471 0
20150312 104918 1 105577 0
20150312 104259 1 105065 0
20150312 105173 1 104926 0
20150312 105208 1 104593 0
20150312 103852 1 104273 0
20150312 104655 1 103813 0
20150312 104269 1 105902 0
20150312 105453 1 105992 0
20150312 105683 1 104620 0
20150312 105238 1 105053 0
20150312 103990 1 104979 0
20150312 105777 1 106401 0
20150312 104468 1 104291 0
20150312 103582 1 104755 0
20150312 105385 1 104871 0
20150312 104745 1 104997 0
20150312 104898 1 104527 0
20150312 104586 1 105373 0
20150312 105449 1 103333 0
20150312 104607 1 104660 0
20150312 105138 1 104797 0
20150312 106058 1 104180 0
20150312 104312 1 103812 0
20150312 103819 1 106043 0
20150312 104925 1 105077 0
20150312 104545 1 104731 0
20150312 106423 1 104338 0
20150312 106071 1 103970 0
20150312 104918 1 104259 0
20150312 105173 1 105208 0
20150312 103852 1 104655 0
20150312 105453 1 104269 0
20150312 105683 1 105238 0
20150312 103990 1 105777 0
20150312 104468 1 103582 0
20150312 104745 1 105385 0
20150312 104586 1 104898 0
20150312 104607 1 105449 0
20150312 106058 1 105138 0
20150312 103819 1 104312 0
20150312 104925 1 104545 0
20150312 106071 1 106423 0
20150312 104918 1 105173 0
20150312 103852 1 105453 0
20150312 105683 1 103990 0
20150312 104745 1 104468 0
20150312 104607 1 104586 0
20150312 103819 1 106058 0
20150312 104925 1 106071 0
20150312 104918 1 103852 0
20150312 105683 1 104745 0
20150312 103819 1 104607 0
20150312 104925 1 104918 0
20150312 103819 1 105683 0
20150312 104925 1 103819 0
20150325 105373 1 103893 0
20150325 104327 1 104291 0
20150325 105064 1 103720 0
20150325 105238 1 105575 0
20150325 105062 1 105449 0
20150325 104268 1 103582 0
20150325 100644 1 105032 0
20150325 105643 1 106210 0
20150325 104022 1 104979 0
20150325 104620 1 104571 0
20150325 106432 1 104890 0
20150325 105668 1 104273 0
20150325 105577 1 105223 0
20150325 126094 1 105807 0
20150325 103781 1 105992 0
20150325 104559 1 104665 0
20150325 104122 1 106423 0
20150325 105077 1 105311 0
20150325 106058 1 104424 0
20150325 106233 1 106043 0
20150325 105023 1 103607 0
20150325 103813 1 104594 0
20150325 104898 1 106378 0
20150325 105385 1 104229 0
20150325 111202 1 104719 0
20150325 105572 1 104797 0
20150325 105936 1 105583 0
20150325 105065 1 104629 0
20150325 104338 1 105074 0
20150325 105526 1 103794 0
20150325 105902 1 106000 0
20150325 104597 1 104660 0
20150325 104925 1 105373 0
20150325 104327 1 104180 0
20150325 105064 1 104655 0
20150325 105238 1 103990 0
20150325 104468 1 105062 0
20150325 104268 1 103333 0
20150325 104586 1 100644 0
20150325 103970 1 105643 0
20150325 105453 1 104022 0
20150325 104678 1 104620 0
20150325 105676 1 106432 0
20150325 105668 1 105138 0
20150325 105777 1 105577 0
20150325 104545 1 126094 0
20150325 104871 1 103781 0
20150325 105683 1 104559 0
20150325 104527 1 104122 0
20150325 105173 1 105077 0
20150325 106058 1 104926 0
20150325 106233 1 103852 0
20150325 104731 1 105023 0
20150325 104919 1 103813 0
20150325 105053 1 104898 0
20150325 104918 1 105385 0
20150325 104607 1 111202 0
20150325 106071 1 105572 0
20150325 104792 1 105936 0
20150325 104542 1 105065 0
20150325 104338 1 105208 0
20150325 104198 1 105526 0
20150325 104269 1 105902 0
20150325 104745 1 104597 0
20150325 104925 1 104327 0
20150325 105238 1 105064 0
20150325 104468 1 104268 0
20150325 103970 1 104586 0
20150325 105453 1 104678 0
20150325 105676 1 105668 0
20150325 104545 1 105777 0
20150325 105683 1 104871 0
20150325 105173 1 104527 0
20150325 106233 1 106058 0
20150325 104731 1 104919 0
20150325 104918 1 105053 0
20150325 104607 1 106071 0
20150325 104792 1 104542 0
20150325 104338 1 104198 0
20150325 104269 1 104745 0
20150325 104925 1 105238 0
20150325 103970 1 104468 0
20150325 105453 1 105676 0
20150325 104545 1 105683 0
20150325 106233 1 105173 0
20150325 104918 1 104731 0
20150325 104607 1 104792 0
20150325 104338 1 104269 0
20150325 104925 1 103970 0
20150325 104545 1 105453 0
20150325 104918 1 106233 0
20150325 104607 1 104338 0
20150325 104925 1 104545 0
20150325 104918 1 104607 0
20150325 104925 1 104918 0
20150831 104925 1 105154 0
20150831 104890 1 105577 0
20150831 104559 1 104665 0
20150831 104312 1 126205 0
20150831 105138 1 105732 0
20150831 105807 1 105668 0
20150831 105575 1 105311 0
20150831 105676 1 104620 0
20150831 105683 1 105065 0
20150831 104269 1 103163 0
20150831 103888 1 106065 0
20150831 103852 1 105932 0
20150831 104926 1 105449 0
20150831 104655 1 104534 0
20150831 106043 1 111200 0
20150831 104745 1 106432 0
20150831 105332 1 105453 0
20150831 104947 1 103285 0
20150831 105032 1 105238 0
20150831 103990 1 103582 0
20150831 104542 1 103813 0
20150831 104719 1 105041 0
20150831 104660 1 105357 0
20150831 105011 1 104792 0
20150831 105227 1 105550 0
20150831 105539 1 106298 0
20150831 105062 1 104229 0
20150831 105777 1 105051 0
20150831 104871 1 126152 0
20150831 105373 1 104252 0
20150831 105936 1 105292 0
20150831 103970 1 105430 0
20150831 104527 1 105077 0
20150831 111202 1 105902 0
20150831 105074 1 104180 0
20150831 106058 1 103607 0
20150831 104678 1 126207 0
20150831 104330 1 105992 0
20150831 105379 1 105208 0
20150831 105385 1 104468 0
20150831 104731 1 126094 0
20150831 105572 1 105053 0
20150831 104797 1 103794 0
20150831 106233 1 104593 0
20150831 105064 1 104868 0
20150831 106415 1 103908 0
20150831 105173 1 104505 0
20150831 104918 1 106401 0
20150831 104607 1 106216 0
20150831 103781 1 106045 0
20150831 103917 1 105023 0
20150831 104198 1 104386 0
20150831 106071 1 106000 0
20150831 103720 1 104873 0
20150831 104898 1 104460 0
20150831 104755 1 106423 0
20150831 104545 1 104291 0
20150831 104022 1 105441 0
20150831 106210 1 103893 0
20150831 103333 1 105643 0
20150831 104259 1 100644 0
20150831 104586 1 111577 0
20150831 104327 1 104571 0
20150831 103819 1 104919 0
20150831 104925 1 104890 0
20150831 104312 1 104559 0
20150831 105138 1 105807 0
20150831 105676 1 105575 0
20150831 105683 1 104269 0
20150831 103852 1 103888 0
20150831 104926 1 104655 0
20150831 104745 1 106043 0
20150831 105332 1 104947 0
20150831 103990 1 105032 0
20150831 104542 1 104719 0
20150831 104660 1 105011 0
20150831 105227 1 105539 0
20150831 105062 1 105777 0
20150831 104871 1 105373 0
20150831 103970 1 105936 0
20150831 104527 1 111202 0
20150831 105074 1 106058 0
20150831 104678 1 104330 0
20150831 105385 1 105379 0
20150831 104731 1 105572 0
20150831 106233 1 104797 0
20150831 105064 1 106415 0
20150831 104918 1 105173 0
20150831 104607 1 103781 0
20150831 104198 1 103917 0
20150831 106071 1 103720 0
20150831 104755 1 104898 0
20150831 104545 1 104022 0
20150831 106210 1 103333 0
20150831 104259 1 104586 0
20150831 103819 1 104327 0
20150831 104925 1 104312 0
20150831 105138 1 105676 0
20150831 103852 1 105683 0
20150831 104926 1 104745 0
20150831 105332 1 103990 0
20150831 104542 1 104660 0
20150831 105227 1 105062 0
20150831 104871 1 103970 0
20150831 104527 1 105074 0
20150831 105385 1 104678 0
20150831 104731 1 106233 0
20150831 104918 1 105064 0
20150831 104607 1 104198 0
20150831 104755 1 106071 0
20150831 104545 1 106210 0
20150831 103819 1 104259 0
20150831 104925 1 105138 0
20150831 103852 1 104926 0
20150831 104542 1 105332 0
20150831 105227 1 104871 0
20150831 104527 1 105385 0
20150831 104731 1 104918 0
20150831 104755 1 104607 0
20150831 103819 1 104545 0
20150831 104925 1 103852 0
20150831 105227 1 104542 0
20150831 104527 1 104731 0
20150831 103819 1 104755 0
20150831 104925 1 105227 0
20150831 103819 1 104527 0
20150831 104925 1 103819 0
20150119 104925 1 105379 0
20150119 105723 1 105077 0
20150119 104424 1 111200 0
20150119 104269 1 104868 0
20150119 104545 1 104499 0
20150119 104890 1 106362 0
20150119 104180 1 105807 0
20150119 105138 1 106233 0
20150119 103852 1 106045 0
20150119 105173 1 105641 0
20150119 105668 1 105655 0
20150119 104792 1 106298 0
20150119 103794 1 103898 0
20150119 103720 1 105585 0
20150119 105385 1 105047 0
20150119 105683 1 105011 0
20150119 104527 1 104947 0
20150119 105657 1 104665 0
20150119 103813 1 104979 0
20150119 104897 1 104655 0
20150119 103893 1 105238 0
20150119 105577 1 105023 0
20150119 104198 1 105376 0
20150119 105292 1 104926 0
20150119 103970 1 105064 0
20150119 104660 1 105583 0
20150119 104719 1 103565 0
20150119 104468 1 104898 0
20150119 105053 1 103401 0
20150119 105449 1 106378 0
20150119 104471 1 105154 0
20150119 105453 1 104597 0
20150119 104607 1 104268 0
20150119 103781 1 103607 0
20150119 104678 1 106210 0
20150119 104919 1 105357 0
20150119 104259 1 103908 0
20150119 106071 1 104735 0
20150119 105032 1 105936 0
20150119 106423 1 105208 0
20150119 104731 1 106043 0
20150119 105575 1 104997 0
20150119 105902 1 104882 0
20150119 104755 1 104122 0
20150119 104586 1 104932 0
20150119 104534 1 105526 0
20150119 105065 1 106291 0
20150119 104745 1 104022 0
20150119 104918 1 106026 0
20150119 104594 1 104628 0
20150119 105311 1 111442 0
20150119 105373 1 105147 0
20150119 105676 1 103188 0
20150119 104571 1 104559 0
20150119 105041 1 104216 0
20150119 105777 1 104460 0
20150119 104273 1 103990 0
20150119 104291 1 105062 0
20150119 106401 1 105643 0
20150119 103333 1 105074 0
20150119 104871 1 106432 0
20150119 104312 1 104797 0
20150119 104620 1 104338 0
20150119 103819 1 104229 0
20150119 104925 1 105723 0
20150119 104269 1 104424 0
20150119 104545 1 104890 0
20150119 104180 1 105138 0
20150119 103852 1 105173 0
20150119 105668 1 104792 0
20150119 103794 1 103720 0
20150119 105683 1 105385 0
20150119 104527 1 105657 0
20150119 103813 1 104897 0
20150119 105577 1 103893 0
20150119 104198 1 105292 0
20150119 103970 1 104660 0
20150119 104468 1 104719 0
20150119 105449 1 105053 0
20150119 105453 1 104471 0
20150119 104607 1 103781 0
20150119 104678 1 104919 0
20150119 106071 1 104259 0
20150119 105032 1 106423 0
20150119 104731 1 105575 0
20150119 104755 1 105902 0
20150119 104534 1 104586 0
20150119 104745 1 105065 0
20150119 104918 1 104594 0
20150119 105311 1 105373 0
20150119 104571 1 105676 0
20150119 105777 1 105041 0
20150119 104291 1 104273 0
20150119 106401 1 103333 0
20150119 104312 1 104871 0
20150119 103819 1 104620 0
20150119 104925 1 104269 0
20150119 104180 1 104545 0
20150119 103852 1 105668 0
20150119 105683 1 103794 0
20150119 104527 1 103813 0
20150119 104198 1 105577 0
20150119 103970 1 104468 0
20150119 105453 1 105449 0
20150119 104607 1 104678 0
20150119 106071 1 105032 0
20150119 104731 1 104755 0
20150119 104745 1 104534 0
20150119 104918 1 105311 0
20150119 105777 1 104571 0
20150119 106401 1 104291 0
20150119 104312 1 103819 0
20150119 104925 1 104180 0
20150119 105683 1 103852 0
20150119 104527 1 104198 0
20150119 105453 1 103970 0
20150119 104607 1 106071 0
20150119 104745 1 104731 0
20150119 104918 1 105777 0
20150119 106401 1 104312 0
20150119 104925 1 105683 0
20150119 104527 1 105453 0
20150119 104607 1 104745 0
20150119 104918 1 106401 0
20150119 104925 1 104527 0
20150119 104918 1 104607 0
20150119 104925 1 104918 0
20150503 106401 1 104593 0
20150503 105064 1 104871 0
20150503 104545 1 105173 0
20150503 104542 1 104586 0
20150503 106058 1 104665 0
20150503 104755 1 103333 0
20150503 105449 1 105292 0
20150503 104563 1 106071 0
20150503 104620 1 104731 0
20150503 105777 1 105385 0
20150503 104926 1 105053 0
20150503 105311 1 105668 0
20150503 105077 1 104655 0
20150503 104269 1 104198 0
20150503 105227 1 106210 0
20150503 105138 1 105657 0
20150503 105023 1 106423 0
20150503 105676 1 105208 0
20150503 104338 1 104597 0
20150503 104919 1 104180 0
20150503 103852 1 103794 0
20150503 104792 1 104678 0
20150503 104719 1 105373 0
20150503 104259 1 104268 0
20150503 106401 1 103819 0
20150503 104545 1 105064 0
20150503 104542 1 106058 0
20150503 104607 1 104755 0
20150503 104745 1 105449 0
20150503 104620 1 104563 0
20150503 105777 1 104926 0
20150503 104527 1 105311 0
20150503 103970 1 105077 0
20150503 104269 1 105227 0
20150503 105138 1 105023 0
20150503 105453 1 105676 0
20150503 105683 1 104338 0
20150503 104919 1 103852 0
20150503 104719 1 104792 0
20150503 104918 1 104259 0
20150503 104545 1 106401 0
20150503 104607 1 104542 0
20150503 104745 1 104620 0
20150503 105777 1 104527 0
20150503 103970 1 104269 0
20150503 105453 1 105138 0
20150503 105683 1 104919 0
20150503 104918 1 104719 0
20150503 104607 1 104545 0
20150503 104745 1 105777 0
20150503 105453 1 103970 0
20150503 104918 1 105683 0
20150503 104745 1 104607 0
20150503 104918 1 105453 0
20150503 104918 1 104745 0
20150510 104597 1 104563 0
20150510 105064 1 106043 0
20150510 105138 1 104719 0
20150510 103852 1 106401 0
20150510 104678 1 106071 0
20150510 106210 1 105208 0
20150510 104871 1 104586 0
20150510 105676 1 105063 0
20150510 104542 1 105023 0
20150510 104198 1 105227 0
20150510 105238 1 105373 0
20150510 104755 1 105341 0
20150510 104338 1 105583 0
20150510 106233 1 104620 0
20150510 104468 1 106058 0
20150510 104545 1 105311 0
20150510 104919 1 105943 0
20150510 104947 1 105173 0
20150510 106390 1 105053 0
20150510 104926 1 105449 0
20150510 105777 1 105668 0
20150510 104731 1 104252 0
20150510 104259 1 105385 0
20150510 104655 1 103893 0
20150510 104925 1 104597 0
20150510 105064 1 105138 0
20150510 104678 1 103852 0
20150510 105453 1 106210 0
20150510 104918 1 104871 0
20150510 105676 1 104542 0
20150510 104198 1 105238 0
20150510 103970 1 104755 0
20150510 104527 1 104338 0
20150510 106233 1 104468 0
20150510 104545 1 104919 0
20150510 104745 1 104947 0
20150510 104607 1 106390 0
20150510 104926 1 105777 0
20150510 104731 1 104259 0
20150510 103819 1 104655 0
20150510 104925 1 105064 0
20150510 105453 1 104678 0
20150510 105676 1 104918 0
20150510 103970 1 104198 0
20150510 104527 1 106233 0
20150510 104745 1 104545 0
20150510 104607 1 104926 0
20150510 103819 1 104731 0
20150510 104925 1 105453 0
20150510 103970 1 105676 0
20150510 104527 1 104745 0
20150510 103819 1 104607 0
20150510 104925 1 103970 0
20150510 103819 1 104527 0
20150510 104925 1 103819 0
20150412 105077 1 104898 0
20150412 106071 1 104586 0
20150412 104890 1 105208 0
20150412 104542 1 105526 0
20150412 105676 1 105613 0
20150412 104252 1 104022 0
20150412 106298 1 106233 0
20150412 104678 1 105373 0
20150412 104545 1 105449 0
20150412 104468 1 104112 0
20150412 105332 1 106045 0
20150412 103607 1 104620 0
20150412 104660 1 105807 0
20150412 104259 1 105062 0
20150412 105138 1 103794 0
20150412 103990 1 104312 0
20150412 104719 1 105173 0
20150412 105311 1 104273 0
20150412 104338 1 106210 0
20150412 104926 1 105668 0
20150412 105777 1 104269 0
20150412 104792 1 105723 0
20150412 105238 1 106432 0
20150412 104871 1 106043 0
20150412 104925 1 105077 0
20150412 104890 1 106071 0
20150412 104542 1 105676 0
20150412 105227 1 104252 0
20150412 104745 1 106298 0
20150412 104545 1 104678 0
20150412 104468 1 105332 0
20150412 103970 1 103607 0
20150412 104607 1 104660 0
20150412 105138 1 104259 0
20150412 103990 1 104719 0
20150412 105683 1 105311 0
20150412 104527 1 104338 0
20150412 105777 1 104926 0
20150412 104792 1 105238 0
20150412 103819 1 104871 0
20150412 104925 1 104890 0
20150412 105227 1 104542 0
20150412 104745 1 104545 0
20150412 103970 1 104468 0
20150412 104607 1 105138 0
20150412 105683 1 103990 0
20150412 105777 1 104527 0
20150412 104792 1 103819 0
20150412 104925 1 105227 0
20150412 104745 1 103970 0
20150412 104607 1 105683 0
20150412 104792 1 105777 0
20150412 104925 1 104745 0
20150412 104607 1 104792 0
20150412 104925 1 104607 0
20150524 104925 1 103813 0
20150524 104180 1 103893 0
20150524 106423 1 105932 0
20150524 106071 1 104563 0
20150524 104755 1 105325 0
20150524 104122 1 105011 0
20150524 104229 1 104882 0
20150524 104731 1 105065 0
20150524 106058 1 105777 0
20150524 105807 1 103607 0
20150524 106432 1 105023 0
20150524 103990 1 104979 0
20150524 103781 1 105173 0
20150524 105723 1 104291 0
20150524 104597 1 105238 0
20150524 104745 1 111460 0
20150524 104918 1 106032 0
20150524 105311 1 105577 0
20150524 106378 1 103565 0
20150524 106401 1 104797 0
20150524 105676 1 105936 0
20150524 105053 1 105385 0
20150524 104871 1 103582 0
20150524 104545 1 104312 0
20150524 105227 1 104898 0
20150524 105063 1 105902 0
20150524 105668 1 111506 0
20150524 104919 1 106210 0
20150524 104678 1 105526 0
20150524 104620 1 104327 0
20150524 104593 1 105154 0
20150524 103970 1 105041 0
20150524 105453 1 103908 0
20150524 105064 1 104594 0
20150524 103794 1 105074 0
20150524 104269 1 106121 0
20150524 105138 1 104252 0
20150524 104586 1 111200 0
20150524 104338 1 105643 0
20150524 104559 1 103852 0
20150524 104542 1 105872 0
20150524 104534 1 105062 0
20150524 104665 1 105077 0
20150524 104259 1 104424 0
20150524 104926 1 105147 0
20150524 105332 1 105671 0
20150524 103285 1 104471 0
20150524 104607 1 106415 0
20150524 104527 1 104947 0
20150524 105583 1 104216 0
20150524 104660 1 105575 0
20150524 105449 1 104198 0
20150524 105208 1 104997 0
20150524 103917 1 106293 0
20150524 105373 1 126207 0
20150524 104468 1 106298 0
20150524 104792 1 104273 0
20150524 106043 1 104890 0
20150524 106233 1 105379 0
20150524 104655 1 105032 0
20150524 104571 1 103333 0
20150524 106000 1 104022 0
20150524 104719 1 104897 0
20150524 103819 1 104268 0
20150524 104925 1 104180 0
20150524 106423 1 106071 0
20150524 104755 1 104122 0
20150524 104731 1 104229 0
20150524 106058 1 105807 0
20150524 106432 1 103990 0
20150524 105723 1 103781 0
20150524 104745 1 104597 0
20150524 104918 1 105311 0
20150524 106401 1 106378 0
20150524 105676 1 105053 0
20150524 104871 1 104545 0
20150524 105227 1 105063 0
20150524 104919 1 105668 0
20150524 104620 1 104678 0
20150524 103970 1 104593 0
20150524 105453 1 105064 0
20150524 103794 1 104269 0
20150524 104586 1 105138 0
20150524 104559 1 104338 0
20150524 104542 1 104534 0
20150524 104665 1 104259 0
20150524 105332 1 104926 0
20150524 104607 1 103285 0
20150524 104527 1 105583 0
20150524 105449 1 104660 0
20150524 103917 1 105208 0
20150524 104468 1 105373 0
20150524 104792 1 106043 0
20150524 104655 1 106233 0
20150524 106000 1 104571 0
20150524 103819 1 104719 0
20150524 104925 1 106423 0
20150524 104755 1 104731 0
20150524 106058 1 106432 0
20150524 104745 1 105723 0
20150524 104918 1 106401 0
20150524 104871 1 105676 0
20150524 105227 1 104919 0
20150524 103970 1 104620 0
20150524 105453 1 103794 0
20150524 104559 1 104586 0
20150524 104542 1 104665 0
20150524 104607 1 105332 0
20150524 104527 1 105449 0
20150524 104468 1 103917 0
20150524 104792 1 104655 0
20150524 103819 1 106000 0
20150524 104925 1 104755 0
20150524 104745 1 106058 0
20150524 104918 1 104871 0
20150524 103970 1 105227 0
20150524 105453 1 104559 0
20150524 104542 1 104607 0
20150524 104527 1 104468 0
20150524 103819 1 104792 0
20150524 104925 1 104745 0
20150524 104918 1 103970 0
20150524 104542 1 105453 0
20150524 104527 1 103819 0
20150524 104925 1 104918 0
20150524 104527 1 104542 0
20150524 104527 1 104925 0
20151115 104925 1 105453 0
20151115 103819 1 104607 0
20151115 104918 1 103970 0
20151115 104745 1 104527 0
20151115 105453 1 104607 0
20151115 103819 1 104925 0
20151115 104745 1 104918 0
20151115 104527 1 103970 0
20151115 103819 1 105453 0
20151115 104925 1 104607 0
20151115 104745 1 103970 0
20151115 104527 1 104918 0
20151115 104925 1 104745 0
20151115 103819 1 104527 0
20151115 104925 1 103819 0
20151123 103926 1 103893 0
20151123 103926 1 103893 0
20151123 105438 1 103893 0
20151123 105438 1 103893 0
20151123 103893 1 104736 0
20151123 103893 1 104736 0
20151123 105438 1 103926 0
20151123 105438 1 103926 0
20151123 103926 1 104736 0
20151123 103926 1 104736 0
20151123 105438 1 104736 0
20151123 105438 1 104736 0
20151123 106065 1 105550 0
20151123 106065 1 105550 0
20151123 105550 1 105430 0
20151123 105550 1 105430 0
20151123 105550 1 106105 0
20151123 105550 1 106105 0
20151123 105430 1 106065 0
20151123 105430 1 106065 0
20151123 106105 1 106065 0
20151123 106105 1 106065 0
20151123 106105 1 105430 0
20151123 106105 1 105430 0
20151123 105438 1 106105 0
20151123 105438 1 106105 0
20151123 103926 1 105550 0
20151123 103926 1 105550 0
20151123 105438 1 103926 0
20151123 105438 1 103926 0
