16 101
20191229 4 21 9 19
20191006 10 31 15 24
20191208 7 20 16 15
20191110 4 20 6 13
20191128 4 24 6 20
20191208 13 48 10 46
20191215 12 37 16 27
20190929 15 55 8 40
20190929 11 24 16 3
20190915 7 21 9 16
20191209 12 23 11 17
20190905 7 10 4 3
20190912 15 20 3 14
20191229 5 47 16 16
20191027 10 31 1 9
20190922 10 33 14 27
20191222 11 41 16 35
20191027 13 51 3 13
20190915 2 24 12 20
20191117 2 29 3 3
20191013 13 20 8 7
20191221 13 34 8 31
20191215 5 44 8 21
20191229 12 34 11 17
20191215 2 29 13 22
20191124 15 35 2 22
20190929 4 16 9 6
20191128 10 26 2 18
20191024 9 19 16 9
20200105 14 17 12 9
20190908 5 35 11 17
20191223 7 23 9 10
20190929 10 12 5 10
20191215 7 21 4 13
20191020 10 36 4 25
20191110 9 28 5 24
20191031 13 28 1 25
20190908 8 30 3 27
20191103 12 22 4 14
20191215 14 30 3 24
20200112 7 28 14 23
20191020 5 37 12 10
20191229 7 23 6 20
20191117 5 35 6 27
20191117 13 36 1 26
20191222 12 17 5 9
20190908 6 27 1 27
20191003 14 30 8 29
20191006 9 28 11 10
20191013 1 34 2 33
20191110 15 30 1 27
20191229 2 28 15 22
20191020 8 37 2 10
20191202 14 37 9 30
20191020 1 27 11 21
20191110 2 26 10 9
20191117 10 34 15 17
20191020 13 9 16 0
20190926 12 34 7 27
20191013 3 37 15 26
20191124 16 19 6 16
20190915 5 31 16 21
20191222 1 27 14 13
20191124 13 37 7 8
20191117 8 17 4 7
20191014 7 23 6 22
20191205 4 31 5 24
20200105 9 26 10 20
20200119 13 37 7 20
20191229 8 31 1 24
20190929 14 27 1 10
20191124 10 34 3 31
20191124 14 17 12 9
20190915 8 27 10 9
20191201 16 29 3 21
20190922 6 27 12 24
20191201 8 34 1 7
20191104 5 37 11 18
20190922 3 38 1 20
20190908 12 32 16 27
20191208 2 40 3 20
20191215 15 38 6 17
20190923 4 31 16 15
20191027 6 31 11 26
20191201 7 31 11 13
20190922 11 32 15 31
20191208 9 20 6 7
20191229 13 26 14 21
20200111 13 27 9 10
20191124 4 19 11 14
20191111 14 27 13 24
20190908 13 31 15 17
20191229 10 42 3 10
20191013 9 38 12 20
20191020 9 42 6 30
20191027 14 27 2 20
20190908 9 28 2 12
20191103 14 40 15 34
20191006 7 34 5 24
20191110 7 24 3 16
20191208 8 28 14 12
