32 267
20200202 16 31 28 20
20200119 28 37 12 20
20200119 16 35 31 24
20200112 12 28 29 23
20200112 16 51 13 31
20200111 28 27 21 10
20200111 31 28 3 12
20200105 29 17 26 9
20200105 21 26 23 20
20200104 31 20 22 13
20200104 13 22 4 19
20191229 28 26 29 21
20191229 18 31 1 24
20191229 10 16 19 15
20191229 2 28 30 22
20191229 26 34 24 17
20191229 20 27 22 24
20191229 6 21 21 19
20191229 16 31 17 21
20191229 15 38 14 20
20191229 31 35 13 14
20191229 12 23 11 20
20191229 9 47 32 16
20191229 7 33 8 23
20191229 23 42 5 10
20191229 25 13 4 6
20191229 3 28 27 10
20191223 12 23 21 10
20191222 16 26 6 3
20191222 1 27 29 13
20191222 26 17 9 9
20191222 24 41 32 35
20191222 23 38 31 28
20191222 25 16 27 10
20191222 20 38 7 35
20191222 14 38 5 6
20191222 3 31 8 15
20191222 2 24 15 12
20191222 19 24 17 17
20191222 10 27 11 17
20191221 13 23 30 20
20191221 28 34 18 31
20191221 22 24 4 17
20191216 23 34 14 7
20191215 21 39 17 10
20191215 2 29 28 22
20191215 9 44 18 21
20191215 15 20 19 16
20191215 1 38 8 24
20191215 26 37 32 27
20191215 13 24 31 21
20191215 4 17 27 10
20191215 24 36 20 20
20191215 16 23 10 3
20191215 12 21 6 13
20191215 30 38 11 17
20191215 22 34 7 13
20191215 29 30 5 24
20191212 3 42 25 21
20191209 26 23 24 17
20191208 18 28 29 12
20191208 31 42 19 21
20191208 16 23 22 16
20191208 27 23 1 17
20191208 17 45 15 10
20191208 30 38 14 35
20191208 25 22 20 21
20191208 28 48 23 46
20191208 21 20 11 7
20191208 10 38 13 24
20191208 12 20 32 15
20191208 8 27 7 19
20191208 3 24 4 17
20191208 2 40 5 20
20191205 6 31 9 24
20191202 29 37 21 30
20191201 13 28 22 22
20191201 27 20 8 13
20191201 10 23 17 20
20191201 18 34 1 7
20191201 12 31 24 13
20191201 20 37 26 31
20191201 16 40 19 9
20191201 30 28 15 11
20191201 31 31 14 17
20191201 7 22 25 6
20191201 32 29 5 21
20191201 3 20 28 17
20191128 23 26 2 18
20191128 4 26 9 15
20191128 6 24 11 20
20191125 3 45 18 6
20191124 29 17 26 9
20191124 28 37 12 8
20191124 22 13 9 9
20191124 31 42 15 20
20191124 32 19 11 16
20191124 25 34 19 3
20191124 23 34 5 31
20191124 8 41 20 24
20191124 27 16 7 10
20191124 6 19 24 14
20191124 4 20 10 3
20191124 30 35 2 22
20191121 13 20 14 17
20191118 16 24 17 17
20191117 18 17 6 7
20191117 22 17 26 10
20191117 19 17 7 10
20191117 28 36 1 26
20191117 25 34 32 17
20191117 23 34 30 17
20191117 21 27 10 23
20191117 4 37 20 20
20191117 14 33 15 13
20191117 9 35 11 27
20191117 2 29 5 3
20191117 3 41 13 7
20191114 8 21 27 7
20191111 29 27 28 24
20191110 21 28 9 24
20191110 27 17 18 12
20191110 20 16 14 12
20191110 31 35 16 32
20191110 30 30 1 27
20191110 25 34 24 27
20191110 2 26 23 9
20191110 12 24 5 16
20191110 8 19 4 16
20191110 3 49 7 13
20191110 6 20 11 13
20191107 19 26 17 24
20191104 9 37 24 18
20191103 3 37 22 20
20191103 17 26 12 11
20191103 10 24 8 19
20191103 29 40 30 34
20191103 19 31 11 24
20191103 27 26 14 24
20191103 26 22 6 14
20191103 20 26 25 18
20191103 16 26 21 23
20191103 5 30 31 20
20191103 4 24 32 9
20191103 13 26 15 3
20191031 28 28 1 25
20191028 27 27 20 14
20191027 12 31 16 24
20191027 22 27 8 13
20191027 14 15 10 13
20191027 28 51 5 13
20191027 31 27 30 23
20191027 23 31 1 9
20191027 18 24 7 10
20191027 15 29 25 15
20191027 13 27 19 24
20191027 11 31 24 26
20191027 17 17 6 16
20191027 26 31 4 13
20191027 29 27 2 20
20191024 21 19 32 9
20191021 22 33 25 0
20191020 9 37 26 10
20191020 3 30 29 16
20191020 23 36 6 25
20191020 31 23 17 20
20191020 28 9 32 0
20191020 1 27 24 21
20191020 14 30 13 23
20191020 12 42 19 24
20191020 21 42 11 30
20191020 15 27 7 17
20191020 4 31 20 21
20191020 18 37 2 10
20191017 16 30 10 6
20191014 12 23 11 22
20191013 27 24 17 17
20191013 25 24 9 22
20191013 10 16 31 0
20191013 28 20 18 7
20191013 1 34 2 33
20191013 21 38 26 20
20191013 32 17 20 16
20191013 13 31 16 24
20191013 23 13 15 6
20191013 29 32 8 28
20191013 3 23 7 17
20191013 5 37 30 26
20191010 22 35 24 14
20191007 28 31 8 3
20191006 14 19 16 13
20191006 12 34 9 24
20191006 10 20 17 13
20191006 22 33 32 7
20191006 4 14 31 7
20191006 3 26 27 23
20191006 26 31 25 6
20191006 19 24 6 21
20191006 21 28 24 10
20191006 23 31 30 24
20191006 13 53 2 32
20191006 1 26 7 23
20191006 5 34 15 27
20191003 29 30 18 29
20190930 27 27 7 3
20190929 23 12 9 10
20190929 15 26 10 24
20190929 6 16 21 6
20190929 30 55 18 40
20190929 29 27 1 10
20190929 24 24 32 3
20190929 17 30 20 10
20190929 19 31 14 24
20190929 5 16 13 10
20190929 16 34 11 30
20190929 22 16 4 10
20190929 8 40 3 25
20190929 31 24 2 10
20190926 26 34 12 27
20190923 6 31 32 15
20190922 18 20 8 13
20190922 23 33 29 27
20190922 28 24 27 20
20190922 13 27 17 20
20190922 24 32 30 31
20190922 5 38 1 20
20190922 11 27 26 24
20190922 22 30 25 14
20190922 21 34 19 14
20190922 16 33 3 28
20190922 14 27 2 24
20190922 12 27 10 16
20190922 9 31 20 6
20190922 4 21 7 17
20190919 15 20 31 7
20190916 8 23 25 3
20190915 2 24 26 20
20190915 18 27 23 9
20190915 6 16 10 14
20190915 16 28 19 10
20190915 9 31 32 21
20190915 14 19 31 17
20190915 29 28 27 26
20190915 4 28 24 14
20190915 22 43 20 0
20190915 13 13 15 12
20190915 12 21 21 16
20190915 11 13 17 10
20190915 28 41 7 17
20190915 3 23 1 17
20190912 30 20 5 14
20190909 19 24 10 16
20190909 23 30 13 28
20190908 22 33 27 3
20190908 28 31 30 17
20190908 9 35 24 17
20190908 11 27 1 27
20190908 29 21 7 20
20190908 17 30 14 24
20190908 26 32 32 27
20190908 4 17 25 16
20190908 21 28 2 12
20190908 3 59 20 10
20190908 16 40 15 26
20190908 31 43 8 13
20190908 18 30 5 27
20190905 12 10 6 3
