31 1358
20190612 25 4 3 1
20190609 3 5 25 1
20190606 25 2 3 1
20190603 25 4 3 2
20190601 3 7 25 2
20190529 25 3 3 2
20190527 3 4 25 2
20190521 25 5 24 1
20190519 25 5 24 0
20190517 25 2 24 1
20190516 3 4 6 0
20190515 24 5 25 4
20190514 3 2 6 1
20190513 25 4 24 2
20190512 3 6 6 2
20190511 24 6 25 3
20190509 3 5 6 2
20190508 24 3 8 2
20190507 25 2 10 1
20190506 8 4 24 3
20190506 3 3 9 0
20190505 25 4 10 1
20190504 24 2 8 1
20190504 3 4 9 3
20190503 10 2 25 1
20190503 6 5 19 2
20190502 8 3 24 0
20190502 3 4 9 1
20190501 10 4 25 2
20190501 6 5 19 2
20190430 24 4 8 2
20190430 9 2 3 1
20190429 25 4 10 3
20190428 8 4 24 3
20190428 6 2 19 1
20190427 9 3 3 2
20190427 10 4 25 2
20190426 24 5 8 2
20190426 6 1 19 0
20190425 25 3 10 2
20190425 3 3 9 2
20190424 6 4 30 3
20190423 24 5 29 4
20190423 3 5 27 1
20190422 10 2 17 1
20190422 6 5 30 2
20190421 24 2 29 1
20190421 3 4 27 2
20190420 30 6 6 0
20190420 25 3 31 2
20190420 10 5 17 3
20190419 8 5 5 1
20190419 27 2 3 1
20190418 24 5 29 2
20190418 25 3 31 2
20190418 6 2 30 1
20190417 8 3 5 2
20190417 10 5 17 1
20190417 3 6 27 4
20190416 29 5 24 0
20190416 31 2 25 1
20190416 19 3 23 1
20190416 9 7 26 3
20190415 8 6 5 2
20190415 17 3 10 2
20190415 27 3 3 2
20190415 6 5 30 0
20190414 29 6 24 3
20190414 31 6 25 3
20190414 9 3 26 1
20190414 19 4 23 1
20190413 8 3 5 2
20190413 3 4 27 1
20190413 17 2 10 1
20190413 30 4 6 3
20190412 29 5 24 3
20190412 25 4 31 3
20190412 19 3 23 1
20190412 9 5 26 1
20190411 5 4 8 0
20190411 30 4 6 2
20190411 27 4 3 1
20190410 24 5 29 2
20190410 10 3 17 2
20190410 25 2 31 1
20190410 19 4 23 3
20190410 9 4 26 3
20190406 24 5 8 2
20190406 14 5 29 2
20190406 12 3 5 1
20190406 31 4 2 2
20190406 17 5 7 2
20190406 10 3 15 0
20190406 19 3 30 0
20190406 20 4 23 3
20190406 6 4 22 3
20190406 9 6 21 2
20190406 16 6 27 5
20190406 18 4 13 3
20190406 4 7 11 1
20190406 25 3 28 2
20190406 26 6 3 3
20190405 1 5 14 2
20190405 7 6 10 1
20190405 9 3 20 2
20190404 2 4 29 1
20190404 24 3 12 2
20190404 8 3 31 2
20190404 25 7 22 3
20190404 17 3 28 2
20190404 3 3 15 0
20190404 30 2 16 1
20190404 26 3 27 1
20190404 23 4 11 1
20190404 19 2 13 1
20190404 6 3 18 1
20190404 4 5 21 2
20190403 1 3 5 1
20190403 7 4 25 3
20190403 21 4 20 1
20190402 28 4 24 2
20190402 14 3 2 1
20190402 8 6 12 2
20190402 10 6 22 2
20190402 15 5 31 1
20190402 6 4 27 1
20190402 16 4 26 2
20190402 11 4 23 1
20190402 3 6 9 2
20190402 17 3 4 2
20190401 29 3 12 1
20190401 5 7 14 2
20190401 31 4 7 3
20190401 25 3 8 2
20190401 26 5 21 2
20190401 27 2 19 1
20190401 18 4 20 2
20190401 13 5 30 3
20190331 5 5 24 3
20190331 11 6 3 3
20190331 9 4 4 0
20190331 23 3 6 1
20190331 2 4 15 0
20190331 20 3 22 0
20190330 14 3 7 2
20190330 28 3 10 2
20190330 1 5 12 1
20190330 24 4 29 3
20190330 9 5 17 2
20190330 16 3 31 1
20190330 30 6 26 3
20190330 21 4 27 2
20190330 19 5 4 1
20190330 25 3 18 2
20190330 13 4 3 1
20190330 6 5 22 2
20190329 15 3 29 2
20190329 8 3 2 2
20190329 5 6 1 1
20190329 11 4 18 0
20190329 17 3 23 1
20190329 20 4 25 2
20190328 7 5 24 4
20190328 28 3 14 2
20190328 10 3 12 2
20190328 19 5 31 4
20190328 13 5 21 2
20190328 9 6 16 2
20190328 30 3 6 2
20190328 11 5 4 4
20190327 8 4 29 3
20190327 10 2 5 1
20190327 3 6 20 3
20190327 22 5 27 4
20190326 1 5 28 4
20190326 2 1 7 0
20190326 12 8 14 4
20190326 21 4 4 0
20190326 16 6 13 1
20190326 30 4 6 1
20190326 9 4 19 0
20190325 11 3 24 2
20190325 14 3 5 0
20190325 10 5 31 2
20190325 25 3 29 1
20190325 17 1 15 0
20190325 26 5 3 4
20190325 27 7 13 5
20190325 23 5 20 2
20190325 18 3 4 1
20190324 7 2 8 1
20190324 9 5 28 0
20190324 6 2 16 1
20190324 19 2 2 0
20190324 30 3 22 1
20190323 14 4 1 3
20190323 11 3 29 2
20190323 5 3 28 1
20190323 25 4 26 3
20190323 23 3 10 2
20190323 31 5 17 0
20190323 20 2 27 1
20190323 16 7 4 4
20190323 3 7 13 3
20190323 6 5 15 1
20190323 21 4 12 3
20190323 8 4 7 2
20190323 19 4 22 2
20190323 18 2 2 1
20190322 1 4 24 3
20190322 15 2 30 1
20190321 14 4 24 2
20190321 29 5 31 0
20190321 12 4 9 1
20190321 5 5 21 1
20190321 8 3 10 1
20190321 22 3 7 1
20190321 25 5 11 2
20190321 23 2 17 1
20190321 16 4 19 0
20190321 3 5 18 1
20190321 13 4 2 2
20190321 26 6 6 3
20190320 28 7 21 4
20190320 31 3 1 0
20190320 26 5 30 4
20190320 27 4 4 2
20190319 5 4 9 2
20190319 10 4 13 2
20190319 25 7 12 2
20190319 17 3 27 0
20190319 8 3 15 1
20190319 16 3 22 1
20190319 11 3 20 2
20190319 3 5 19 0
20190319 30 4 18 1
20190319 6 3 23 2
20190318 29 7 24 3
20190318 31 3 14 2
20190318 28 3 7 2
20190318 26 4 2 1
20190317 29 6 12 3
20190317 1 3 13 2
20190317 22 2 23 1
20190317 28 3 10 2
20190317 19 3 15 2
20190317 4 4 25 3
20190317 8 3 18 0
20190316 17 4 24 2
20190316 12 3 2 2
20190316 15 5 20 2
20190316 31 2 5 1
20190316 26 6 30 3
20190316 21 6 27 2
20190316 7 2 16 0
20190316 6 4 4 2
20190316 3 2 9 1
20190316 13 4 14 3
20190316 11 2 19 1
20190316 25 5 23 1
20190315 18 3 28 2
20190315 1 5 8 3
20190315 5 5 20 1
20190315 29 2 10 1
20190315 27 7 22 6
20190315 9 3 6 0
20190314 13 4 24 2
20190314 17 3 14 1
20190314 2 6 1 1
20190314 31 4 3 3
20190314 10 4 15 1
20190314 21 2 25 0
20190314 26 5 11 4
20190314 30 5 22 2
20190314 19 2 16 1
20190314 23 5 4 0
20190313 28 4 20 1
20190313 18 6 12 3
20190313 7 5 27 4
20190312 1 3 17 2
20190312 5 9 18 4
20190312 24 5 31 4
20190312 2 3 25 1
20190312 16 3 11 1
20190312 23 5 30 3
20190312 9 7 3 4
20190312 10 2 4 0
20190311 12 3 20 2
20190311 6 3 8 0
20190311 7 7 2 1
20190311 24 3 15 0
20190311 26 6 27 2
20190311 22 3 21 2
20190311 19 2 9 0
20190310 14 3 1 2
20190310 5 6 29 3
20190310 23 4 3 2
20190310 30 3 31 1
20190310 13 6 11 1
20190309 29 6 28 2
20190309 6 5 17 3
20190309 7 2 10 1
20190309 2 4 14 2
20190309 26 3 11 2
20190309 20 4 18 2
20190309 22 5 19 2
20190309 27 3 12 2
20190309 9 4 23 1
20190309 3 3 21 2
20190309 24 3 25 2
20190309 8 3 4 0
20190308 1 8 16 2
20190308 31 8 6 1
20190308 30 3 18 0
20190308 13 6 15 2
20190307 24 5 16 2
20190307 25 4 14 0
20190307 12 3 28 2
20190307 2 2 5 0
20190307 10 4 8 0
20190307 7 5 4 4
20190307 15 3 26 0
20190307 19 4 21 2
20190307 11 3 20 2
20190307 23 3 9 0
20190307 3 4 13 3
20190306 29 2 5 1
20190306 25 5 1 4
20190306 28 3 27 2
20190306 30 5 22 3
20190305 16 3 14 1
20190305 8 4 11 3
20190305 1 3 2 1
20190305 10 1 20 0
20190305 17 5 15 4
20190305 26 5 31 2
20190305 23 3 13 2
20190305 19 5 21 4
20190305 9 2 18 1
20190305 3 4 6 3
20190304 27 6 5 2
20190304 12 4 4 3
20190303 24 5 7 2
20190303 17 3 15 2
20190303 31 5 9 2
20190303 21 3 13 2
20190303 29 3 28 0
20190303 1 2 8 1
20190303 22 4 19 1
20190303 30 3 20 2
20190302 15 4 5 2
20190302 10 4 25 1
20190302 2 3 11 1
20190302 27 5 4 2
20190302 26 5 21 1
20190302 23 5 16 1
20190302 6 4 13 3
20190302 3 1 18 0
20190302 14 6 7 3
20190302 12 4 9 0
20190301 24 4 8 3
20190301 29 3 1 0
20190301 31 5 17 3
20190301 6 5 25 2
20190301 16 4 20 2
20190301 30 3 19 1
20190301 22 6 18 3
20190301 4 4 23 3
20190228 10 4 14 3
20190228 29 6 13 5
20190228 2 5 28 2
20190228 12 4 21 2
20190228 19 6 27 1
20190228 9 4 22 3
20190228 3 4 26 1
20190227 7 4 1 3
20190227 8 3 28 2
20190227 26 4 20 3
20190227 27 6 12 2
20190227 5 2 18 1
20190226 29 4 10 1
20190226 2 4 13 3
20190226 15 3 31 2
20190226 25 2 17 0
20190226 16 8 11 1
20190226 30 7 21 2
20190226 22 5 4 2
20190226 5 3 19 1
20190226 23 5 9 2
20190226 6 6 14 1
20190226 3 4 24 1
20190225 28 4 1 0
20190225 13 4 8 3
20190225 17 3 12 2
20190225 26 4 14 3
20190225 27 5 4 3
20190225 18 2 16 1
20190224 2 4 31 1
20190224 5 2 21 1
20190224 15 2 25 1
20190224 24 5 11 3
20190224 10 4 7 3
20190224 30 6 20 5
20190223 19 4 28 0
20190223 12 2 1 1
20190223 22 4 23 3
20190223 27 6 16 3
20190223 8 5 17 0
20190223 13 6 14 1
20190223 6 3 10 0
20190223 9 4 24 0
20190223 25 2 3 1
20190223 20 5 18 2
20190223 4 5 30 2
20190222 31 6 29 3
20190222 5 2 1 1
20190222 15 3 11 2
20190222 8 5 7 3
20190222 9 3 21 0
20190221 2 3 28 2
20190221 12 4 19 3
20190221 10 5 25 2
20190221 17 2 14 1
20190221 26 2 4 1
20190221 16 5 22 1
20190221 30 3 27 2
20190221 24 4 23 0
20190221 15 4 20 1
20190221 18 4 21 0
20190221 6 4 13 3
20190220 3 3 29 2
20190220 5 4 19 2
20190220 8 7 31 1
20190220 7 5 11 4
20190219 2 3 12 2
20190219 17 5 10 3
20190219 25 3 27 2
20190219 1 4 15 0
20190219 16 3 9 2
20190219 26 5 22 2
20190219 23 4 18 3
20190219 13 4 4 2
20190219 20 2 6 1
20190218 3 6 24 5
20190218 30 3 14 2
20190218 8 3 29 0
20190218 7 8 21 7
20190218 26 5 9 1
20190218 5 5 2 2
20190217 22 3 11 1
20190217 1 5 30 2
20190217 13 6 16 3
20190217 18 4 4 1
20190217 25 4 15 0
20190217 23 6 20 5
20190216 3 4 14 2
20190216 29 5 17 1
20190216 24 3 28 2
20190216 9 5 7 2
20190216 6 3 10 0
20190216 21 4 31 3
20190216 26 3 16 0
20190216 19 5 12 2
20190216 2 2 27 0
20190216 25 3 8 0
20190216 5 5 23 4
20190216 22 6 11 5
20190215 3 3 1 0
20190215 18 5 15 4
20190215 6 3 12 1
20190215 20 6 4 2
20190214 30 5 24 1
20190214 28 4 14 3
20190214 27 6 29 3
20190214 25 4 2 0
20190214 7 5 18 2
20190214 8 4 31 1
20190214 17 3 16 1
20190214 26 6 10 0
20190214 11 3 21 2
20190214 13 3 5 2
20190214 19 3 9 0
20190213 1 1 28 0
20190213 23 3 12 1
20190212 2 5 29 2
20190212 27 5 8 2
20190212 31 4 20 3
20190212 25 8 18 3
20190212 11 3 17 2
20190212 22 5 15 4
20190212 26 6 5 3
20190212 6 4 21 1
20190212 10 3 13 0
20190212 9 3 30 0
20190212 4 3 19 1
20190212 3 6 7 3
20190211 24 7 28 2
20190211 30 6 14 4
20190211 23 4 22 1
20190210 25 5 17 4
20190210 20 4 27 1
20190210 26 5 13 2
20190210 19 2 15 1
20190210 18 3 6 2
20190210 7 5 11 2
20190210 31 3 4 1
20190210 3 2 8 1
20190209 9 4 29 3
20190209 28 4 5 3
20190209 13 5 30 4
20190209 26 5 23 4
20190209 27 4 16 3
20190209 24 5 12 2
20190209 2 3 10 2
20190209 25 3 17 2
20190209 21 5 31 2
20190209 22 6 1 2
20190209 19 4 8 3
20190209 15 4 18 2
20190209 4 3 11 1
20190209 3 5 14 4
20190208 6 3 20 0
20190207 24 5 5 2
20190207 9 4 2 2
20190207 7 4 28 3
20190207 17 3 10 2
20190207 12 4 15 1
20190207 25 1 26 0
20190207 21 4 1 0
20190207 16 5 31 2
20190207 29 4 11 3
20190207 30 4 8 3
20190207 14 3 22 2
20190207 19 2 18 1
20190207 13 3 23 2
20190207 6 6 4 5
20190206 20 4 3 3
20190206 27 5 21 4
20190205 7 6 12 2
20190205 9 6 8 3
20190205 24 3 31 2
20190205 17 5 2 2
20190205 29 3 26 2
20190205 16 4 1 1
20190205 30 3 28 2
20190205 6 4 23 0
20190205 14 5 18 1
20190205 25 3 13 2
20190205 4 5 15 4
20190205 3 3 19 1
20190204 10 5 2 4
20190204 27 6 1 1
20190204 22 2 28 1
20190204 14 4 20 3
20190203 16 4 12 3
20190203 5 4 6 3
20190203 3 1 30 0
20190202 24 3 2 2
20190202 28 5 8 1
20190202 10 3 17 1
20190202 7 4 15 3
20190202 31 9 1 3
20190202 27 3 23 2
20190202 11 2 21 0
20190202 26 3 20 2
20190202 19 4 14 2
20190202 13 3 29 1
20190202 25 4 9 2
20190202 18 3 16 2
20190202 22 5 12 4
20190201 10 3 15 1
20190201 11 3 27 2
20190201 6 5 29 2
20190201 30 4 5 3
20190201 23 5 21 3
20190201 26 1 19 0
20190201 17 4 13 1
20190201 7 7 4 3
20190131 31 4 9 3
20190131 20 4 18 3
20190131 22 3 3 2
20190130 10 1 4 0
20190130 23 4 26 2
20190129 22 1 20 0
20190129 4 5 9 4
20190129 31 4 3 3
20190128 18 6 23 3
20190128 22 3 31 1
20190123 6 5 28 2
20190123 17 2 29 1
20190123 25 5 1 1
20190123 15 5 8 2
20190123 27 6 30 3
20190123 16 2 2 1
20190122 11 3 12 2
20190122 5 3 6 2
20190122 7 3 19 2
20190122 2 3 21 2
20190122 24 7 30 6
20190121 13 6 24 2
20190121 15 4 29 2
20190121 14 4 25 3
20190121 17 4 8 1
20190120 6 7 12 4
20190120 2 4 27 2
20190120 28 3 11 2
20190120 19 3 1 0
20190120 7 8 30 5
20190119 29 7 23 3
20190119 5 5 12 2
20190119 15 2 9 1
20190119 13 4 17 2
20190119 26 6 24 3
20190119 25 3 21 2
20190119 22 5 16 2
20190119 10 4 31 2
20190119 20 3 3 2
20190119 8 7 14 1
20190119 1 3 18 2
20190118 28 4 4 3
20190118 5 6 11 4
20190118 23 3 2 2
20190118 19 2 30 0
20190118 21 4 6 1
20190118 13 3 27 1
20190118 16 4 9 1
20190117 14 2 10 1
20190117 31 5 17 1
20190117 1 3 15 0
20190117 27 4 26 2
20190117 20 4 7 3
20190117 19 4 18 1
20190117 3 5 25 2
20190116 12 3 28 2
20190116 2 6 24 3
20190116 4 4 5 3
20190116 22 4 3 3
20190116 21 5 8 2
20190115 24 5 23 2
20190115 26 2 10 0
20190115 31 4 29 1
20190115 17 7 30 2
20190115 15 3 14 2
20190115 16 5 13 1
20190115 11 3 1 1
20190115 20 6 6 2
20190115 19 2 25 1
20190115 9 4 18 1
20190114 12 7 4 2
20190114 25 4 30 1
20190114 8 6 27 3
20190114 22 7 15 4
20190114 18 8 7 5
20190114 16 3 3 2
20190113 5 7 2 1
20190113 28 5 13 1
20190113 19 5 26 1
20190113 31 4 1 3
20190113 9 7 20 5
20190113 6 6 17 3
20190112 14 5 23 2
20190112 24 4 21 1
20190112 2 3 12 2
20190112 25 3 10 1
20190112 29 4 7 3
20190112 11 5 15 2
20190112 9 2 30 1
20190112 3 3 27 2
20190112 16 3 8 0
20190112 26 5 4 3
20190112 20 2 19 1
20190112 18 3 22 2
20190111 23 7 1 4
20190111 5 4 13 3
20190111 31 4 11 2
20190111 6 4 4 3
20190110 21 4 14 1
20190110 24 3 29 2
20190110 2 4 28 3
20190110 12 4 13 3
20190110 25 4 16 1
20190110 15 3 31 2
20190110 26 3 6 1
20190110 22 2 10 1
20190110 19 4 20 3
20190110 27 4 18 2
20190110 9 4 17 3
20190110 30 4 3 2
20190109 21 2 1 1
20190109 5 5 8 3
20190109 17 4 7 3
20190108 24 7 12 2
20190108 29 4 20 2
20190108 31 7 8 4
20190108 10 3 25 1
20190108 26 4 9 0
20190108 16 3 11 2
20190108 30 5 22 3
20190108 23 5 13 1
20190108 6 4 19 3
20190108 4 5 18 1
20190108 3 4 15 0
20190107 24 3 14 1
20190107 5 4 7 3
20190107 15 1 16 0
20190107 17 4 27 0
20190107 25 3 22 0
20190106 7 5 23 3
20190106 12 4 1 0
20190106 31 5 10 1
20190106 30 3 11 2
20190106 29 3 18 2
20190106 2 5 20 0
20190106 6 5 21 4
20190105 24 5 26 2
20190105 14 4 12 0
20190105 19 4 25 3
20190105 27 5 28 0
20190105 17 4 16 1
20190105 9 4 13 3
20190105 3 2 4 1
20190105 15 4 21 3
20190105 5 3 22 2
20190104 29 3 1 2
20190104 8 6 20 1
20190104 18 3 2 2
20190104 10 2 30 1
20190104 11 4 17 3
20190104 6 4 9 2
20190104 23 4 31 0
20190103 26 6 14 2
20190103 25 5 30 2
20190103 16 2 28 0
20190103 6 5 22 3
20190103 19 3 7 2
20190103 4 4 13 3
20190103 3 6 5 4
20190103 15 4 27 3
20190102 24 5 8 4
20190102 12 3 2 1
20190102 10 5 18 4
20190102 28 4 21 3
20190102 23 7 20 2
20190102 5 5 11 3
20190101 29 2 14 0
20190101 17 4 22 0
20190101 3 4 7 2
20181231 26 2 1 1
20181231 31 4 12 3
20181231 5 8 24 5
20181231 16 3 10 2
20181231 14 3 8 2
20181231 13 4 11 3
20181231 20 2 25 1
20181231 9 6 21 3
20181231 23 3 15 2
20181231 6 3 22 1
20181231 19 3 4 1
20181231 18 4 28 0
20181231 17 6 30 3
20181230 29 5 2 1
20181229 28 3 5 2
20181229 2 5 1 4
20181229 7 3 8 2
20181229 23 6 25 1
20181229 20 4 17 3
20181229 10 5 11 1
20181229 19 4 27 0
20181229 26 6 16 5
20181229 30 3 21 2
20181229 13 2 22 1
20181229 3 3 4 2
20181229 29 4 14 1
20181229 24 7 12 4
20181229 15 3 31 1
20181229 18 2 6 0
20181228 19 6 21 3
20181228 16 5 13 3
20181228 27 4 9 2
20181227 24 4 1 2
20181227 14 2 2 1
20181227 29 2 8 1
20181227 28 4 12 2
20181227 7 5 15 2
20181227 5 4 31 1
20181227 25 4 4 1
20181227 10 2 17 0
20181227 26 6 22 5
20181227 30 3 6 1
20181227 23 5 11 2
20181227 9 4 20 3
20181227 18 5 3 2
20181223 14 4 29 3
20181223 2 4 24 3
20181223 19 3 10 1
20181223 27 5 11 4
20181223 22 3 20 2
20181223 13 6 7 3
20181223 6 5 3 3
20181223 9 3 18 0
20181222 31 1 28 0
20181222 26 6 12 3
20181222 10 2 15 1
20181222 27 5 20 3
20181222 30 4 21 0
20181222 23 3 6 0
20181222 4 3 1 0
20181222 2 6 8 4
20181222 16 4 29 3
20181222 14 3 24 2
20181222 25 3 5 1
20181222 13 2 11 1
20181222 9 4 22 3
20181222 3 5 17 2
20181221 7 2 8 1
20181221 30 2 4 1
20181221 18 5 21 2
20181220 31 5 24 3
20181220 29 4 19 2
20181220 28 5 25 1
20181220 26 5 5 4
20181220 16 2 2 1
20181220 7 5 10 2
20181220 27 6 13 1
20181220 23 2 15 1
20181220 22 2 17 1
20181220 9 2 18 1
20181220 11 4 6 1
20181220 3 3 1 1
20181219 8 2 16 1
20181219 23 2 30 1
20181218 14 4 31 1
20181218 26 5 28 2
20181218 25 4 12 1
20181218 19 3 2 1
20181218 10 2 5 0
20181218 7 2 17 1
20181218 24 4 15 0
20181218 22 3 11 2
20181218 20 3 1 1
20181218 27 7 18 2
20181218 13 5 4 2
20181217 19 4 8 1
20181217 21 4 17 3
20181217 3 4 16 0
20181217 1 4 23 2
20181217 9 1 29 0
20181216 28 4 12 2
20181216 31 5 26 4
20181216 24 7 7 3
20181216 4 4 3 2
20181216 5 7 25 2
20181216 29 4 20 3
20181216 6 3 2 0
20181215 28 5 22 1
20181215 8 6 10 4
20181215 17 2 18 1
20181215 30 4 4 3
20181215 23 4 14 3
20181215 19 4 11 3
20181215 16 5 21 2
20181215 13 4 27 3
20181215 1 2 9 1
20181215 5 2 15 1
20181214 12 4 22 1
20181214 31 4 7 3
20181214 25 4 8 3
20181214 21 4 11 2
20181214 30 6 6 5
20181214 23 5 3 3
20181214 2 4 20 3
20181214 18 5 29 4
20181213 24 3 10 2
20181213 31 5 12 4
20181213 17 4 28 3
20181213 15 5 13 1
20181213 26 4 27 1
20181213 16 6 6 4
20181213 9 4 14 1
20181213 4 3 2 1
20181212 1 6 10 3
20181212 5 6 22 5
20181212 7 6 23 3
20181212 29 3 19 2
20181211 12 6 8 4
20181211 31 6 7 3
20181211 25 4 13 3
20181211 17 3 21 1
20181211 15 7 16 1
20181211 30 6 11 2
20181211 28 3 9 2
20181211 27 4 6 1
20181211 4 4 14 3
20181211 3 4 2 3
20181210 24 5 18 2
20181210 26 6 20 3
20181210 11 3 14 1
20181210 23 2 19 1
20181209 29 4 10 2
20181209 12 1 5 0
20181209 1 6 18 5
20181209 16 3 7 2
20181209 3 2 21 1
20181209 31 7 22 1
20181209 28 6 25 1
20181208 5 5 17 2
20181208 24 5 2 3
20181208 26 7 8 1
20181208 21 2 23 1
20181208 20 5 13 4
20181208 19 3 11 2
20181208 30 4 9 0
20181208 3 6 27 3
20181208 14 5 29 1
20181208 22 6 4 2
20181207 6 4 1 1
20181207 12 7 15 2
20181207 25 1 31 0
20181207 10 3 24 2
20181206 18 6 14 3
20181206 29 4 7 3
20181206 28 5 17 3
20181206 5 2 15 0
20181206 30 4 2 2
20181206 26 3 3 2
20181206 16 5 21 2
20181206 11 5 27 4
20181206 23 6 19 2
20181206 9 4 22 3
20181206 8 5 13 2
20181205 24 5 6 1
20181205 1 4 7 2
20181205 12 3 25 2
20181204 2 2 14 1
20181204 29 5 30 3
20181204 15 3 28 2
20181204 16 5 21 2
20181204 26 6 11 5
20181204 23 6 8 3
20181204 31 3 19 1
20181204 13 5 3 0
20181204 5 9 9 6
20181204 27 4 4 3
20181203 10 4 12 1
20181203 17 2 4 1
20181203 26 5 18 1
20181202 14 2 6 0
20181202 24 3 16 1
20181202 8 2 11 0
20181202 5 3 7 2
20181202 31 4 20 3
20181202 1 6 30 5
20181201 12 2 29 1
20181201 17 5 7 2
20181201 2 6 25 1
20181201 22 4 23 2
20181201 19 3 9 2
20181201 31 4 18 3
20181201 16 5 20 2
20181201 27 5 15 3
20181201 26 5 13 4
20181201 11 4 3 2
20181201 10 2 28 1
20181201 21 6 24 2
20181130 25 3 8 2
20181130 5 4 14 1
20181130 1 2 6 1
20181130 30 6 18 3
20181130 13 3 4 2
20181129 29 4 28 3
20181129 12 3 14 2
20181129 31 6 7 5
20181129 2 3 17 0
20181129 26 5 4 4
20181129 21 3 20 0
20181129 9 4 15 2
20181129 3 2 19 1
20181128 8 6 23 3
20181128 10 4 5 3
20181128 27 5 24 3
20181128 1 3 13 2
20181128 11 4 25 3
20181127 14 2 28 1
20181127 12 1 10 0
20181127 29 8 7 3
20181127 23 4 31 3
20181127 8 3 17 2
20181127 2 4 15 3
20181127 1 3 26 1
20181127 6 2 16 1
20181127 21 4 22 3
20181127 4 3 24 2
20181126 9 7 11 5
20181126 27 4 3 2
20181126 20 4 21 2
20181126 30 4 19 1
20181126 13 4 18 3
20181125 14 5 12 2
20181125 17 5 1 2
20181125 26 5 18 2
20181125 5 6 2 1
20181124 29 6 24 0
20181124 28 4 14 2
20181124 8 3 10 2
20181124 27 6 22 0
20181124 31 8 25 4
20181124 23 4 9 2
20181124 19 4 6 1
20181124 3 3 16 2
20181124 7 5 13 4
20181124 4 3 11 2
20181124 30 5 20 3
20181123 24 4 28 0
20181123 25 6 17 2
20181123 10 6 21 4
20181123 8 5 2 1
20181123 26 4 7 2
20181123 6 4 13 1
20181123 3 2 23 1
20181123 9 4 27 2
20181123 29 2 5 0
20181123 30 3 11 1
20181123 19 4 18 3
20181123 15 4 31 2
20181123 4 3 16 2
20181123 1 2 12 1
20181123 22 4 20 0
20181121 8 7 14 3
20181121 5 6 31 3
20181121 1 4 28 3
20181121 29 3 2 2
20181121 17 4 25 1
20181121 15 6 21 4
20181121 26 7 13 3
20181121 11 3 3 2
20181121 30 4 7 2
20181121 23 5 10 1
20181121 20 5 19 0
20181121 18 5 16 2
20181121 6 5 27 2
20181121 4 5 22 2
20181120 12 4 24 3
20181119 31 6 28 3
20181119 5 7 29 2
20181119 14 2 25 0
20181119 17 3 26 2
20181119 13 7 21 5
20181119 30 5 16 4
20181119 27 4 9 2
20181119 4 5 23 4
20181119 20 2 10 1
20181118 29 6 12 3
20181118 8 4 1 3
20181118 7 3 15 1
20181118 6 2 18 1
20181118 10 6 19 2
20181117 24 4 25 0
20181117 5 4 12 2
20181117 17 5 14 3
20181117 3 2 2 1
20181117 16 3 28 2
20181117 21 6 23 4
20181117 20 4 13 2
20181117 9 4 6 1
20181117 4 3 15 2
20181117 26 6 22 5
20181117 11 3 18 2
20181116 25 4 29 1
20181116 27 2 1 1
20181116 30 3 8 2
20181116 14 2 7 1
20181116 4 2 31 1
20181116 10 1 3 0
20181115 27 5 24 3
20181115 16 3 5 2
20181115 2 2 17 1
20181115 15 6 28 2
20181115 21 2 11 1
20181115 26 4 23 3
20181115 18 3 22 0
20181115 19 7 20 5
20181115 9 7 13 3
20181114 29 5 1 0
20181114 8 6 3 3
20181114 31 3 30 1
20181114 7 1 25 0
20181113 24 5 17 4
20181113 27 5 14 1
20181113 12 6 16 2
20181113 30 5 15 2
20181113 11 6 2 1
20181113 13 2 22 1
20181113 19 5 28 2
20181113 18 4 23 2
20181113 4 2 26 1
20181112 1 2 17 1
20181112 9 2 10 1
20181112 20 2 28 1
20181112 6 3 7 2
20181111 8 4 12 1
20181111 24 3 5 1
20181111 31 5 18 2
20181111 3 4 29 1
20181111 2 4 30 1
20181111 13 5 21 1
20181111 15 3 25 2
20181110 5 1 14 0
20181110 21 6 26 4
20181110 23 4 2 0
20181110 16 5 29 4
20181110 13 4 19 2
20181110 20 5 9 4
20181110 11 4 6 3
20181110 3 5 27 1
20181110 17 5 10 4
20181110 22 4 7 0
20181110 4 4 28 3
20181109 15 5 1 1
20181109 31 5 8 2
20181109 25 4 24 0
20181109 11 3 20 2
20181109 9 2 30 1
20181109 27 6 18 1
20181108 15 3 14 1
20181108 10 4 24 3
20181108 6 4 7 3
20181108 26 4 19 2
20181108 29 5 21 3
20181108 4 6 16 5
20181108 22 5 2 4
20181108 13 4 12 1
20181108 28 8 3 5
20181107 1 3 5 2
20181107 17 4 8 1
20181107 30 2 23 1
20181106 24 4 15 3
20181106 14 4 1 1
20181106 25 4 6 1
20181106 26 5 12 2
20181106 21 7 18 3
20181106 11 3 28 2
20181106 27 3 29 1
20181106 20 5 16 3
20181106 9 4 10 1
20181105 22 5 2 2
20181105 30 4 12 2
20181105 18 5 23 1
20181105 16 4 19 3
20181105 3 2 10 1
20181104 1 3 9 2
20181104 26 4 21 3
20181104 20 3 4 1
20181103 24 4 22 3
20181103 14 4 9 1
20181103 29 3 6 0
20181103 5 5 7 3
20181103 15 5 25 1
20181103 17 1 3 0
20181103 10 4 30 3
20181103 27 5 23 0
20181103 19 3 18 0
20181103 26 4 16 1
20181103 12 4 11 3
20181103 4 9 21 2
20181102 13 4 31 2
20181102 28 7 8 6
20181102 2 4 6 3
20181101 9 4 24 1
20181101 22 5 14 2
20181101 20 3 1 2
20181101 12 4 7 0
20181101 5 6 8 5
20181101 25 5 29 3
20181101 17 4 26 1
20181101 21 4 4 2
20181101 16 6 30 4
20181101 11 4 18 3
20181101 10 2 27 1
20181101 19 3 23 2
20181101 31 4 13 2
20181031 28 4 7 2
20181030 20 4 24 3
20181030 2 5 21 1
20181030 22 3 1 2
20181030 15 4 12 3
20181030 17 4 29 1
20181030 26 8 18 3
20181030 10 4 16 1
20181030 19 6 23 3
20181030 11 5 9 3
20181030 3 3 6 2
20181030 5 2 4 1
20181029 28 5 15 2
20181029 5 3 27 1
20181028 29 4 21 3
20181028 24 4 1 3
20181028 12 2 7 1
20181028 11 4 10 2
20181028 19 2 6 1
20181028 14 4 20 3
20181027 23 5 28 0
20181027 2 7 26 1
20181027 25 7 7 3
20181027 15 3 8 2
20181027 27 3 31 2
20181027 9 5 4 4
20181027 16 3 3 0
20181027 30 4 5 3
20181027 12 5 17 3
20181027 19 6 22 1
20181027 18 3 13 2
20181026 8 6 21 3
20181026 31 2 11 1
20181026 6 4 24 3
20181026 26 3 29 2
20181025 2 4 28 1
20181025 12 4 30 1
20181025 23 9 5 1
20181025 10 5 1 2
20181025 7 4 20 1
20181025 9 7 25 4
20181025 15 4 14 1
20181025 17 4 18 3
20181025 4 4 16 3
20181025 3 3 22 0
20181024 28 3 29 2
20181024 26 1 8 0
20181024 27 4 31 2
20181024 13 3 19 2
20181023 23 6 12 5
20181023 10 4 14 2
20181023 7 3 1 1
20181023 24 5 17 4
20181023 3 4 21 1
20181023 16 3 5 2
20181023 20 5 13 2
20181023 2 4 9 1
20181022 30 5 28 2
20181022 31 5 25 4
20181022 6 3 11 1
20181022 8 4 22 1
20181021 4 4 1 2
20181021 5 4 20 1
20181021 26 6 7 3
20181020 24 4 19 1
20181020 29 3 1 1
20181020 28 2 3 1
20181020 17 3 12 0
20181020 15 5 26 4
20181020 25 4 27 1
20181020 21 4 16 3
20181020 11 4 13 3
20181020 7 4 9 1
20181020 4 5 14 1
20181020 31 5 2 3
20181020 22 5 18 2
20181020 8 3 6 1
20181019 17 5 5 3
20181019 15 3 10 1
20181019 13 6 30 5
20181018 24 5 4 1
20181018 19 7 14 2
20181018 12 3 3 2
20181018 2 4 7 1
20181018 31 4 28 1
20181018 26 3 11 1
20181018 23 3 27 0
20181018 8 5 18 3
20181018 9 6 22 3
20181017 1 4 19 1
20181017 5 5 3 2
20181017 30 4 20 3
20181017 16 3 25 2
20181016 29 4 4 1
20181016 12 5 31 4
20181016 15 2 2 1
20181016 26 4 6 2
20181016 28 3 23 2
20181016 22 6 13 5
20181016 20 3 8 2
20181016 18 3 10 0
20181015 17 4 15 2
20181015 27 4 14 1
20181015 21 4 10 1
20181015 16 7 11 3
20181014 31 3 6 1
20181014 1 3 25 2
20181014 18 3 24 2
20181013 5 3 8 2
20181013 4 3 2 0
20181013 7 4 25 3
20181013 17 5 19 2
20181013 10 5 1 3
20181013 27 4 30 2
20181013 26 8 9 2
20181013 16 4 23 3
20181013 28 3 13 2
20181013 3 8 11 2
20181013 6 5 15 4
20181013 21 5 14 1
20181013 29 1 22 0
20181013 12 2 20 1
20181011 25 5 5 3
20181011 17 3 31 0
20181011 15 4 7 3
20181011 28 4 26 1
20181011 14 3 16 0
20181011 27 5 11 3
20181011 23 4 29 2
20181011 20 3 24 2
20181011 18 6 30 0
20181011 9 5 13 4
20181011 8 6 4 1
20181011 3 4 12 1
20181010 2 3 1 2
20181010 30 5 29 2
20181010 22 7 21 4
20181009 27 7 10 4
20181009 31 2 14 1
20181009 5 3 17 0
20181009 24 8 22 2
20181009 9 5 8 2
20181009 6 5 28 3
20181008 1 3 11 2
20181008 4 4 29 2
20181008 19 4 24 0
20181008 3 6 21 3
20181007 14 4 11 2
20181007 27 7 7 6
20181007 6 8 20 5
20181006 5 7 28 4
20181006 8 5 22 2
20181006 1 1 2 0
20181006 7 5 25 4
20181006 29 2 15 1
20181006 21 5 27 3
20181006 26 2 13 1
20181006 16 5 23 1
20181006 17 4 19 3
20181006 10 5 31 1
20181006 4 3 20 1
20181006 18 5 12 2
20181005 24 3 14 2
20181005 6 3 9 1
20181004 22 5 29 2
20181004 8 4 15 1
20181004 10 3 2 0
20181004 31 5 25 1
20181004 7 4 21 3
20181004 17 3 20 2
20181004 9 3 11 2
20181004 23 7 30 6
20181004 19 2 6 1
20181004 3 4 4 0
20181003 1 5 24 2
20181003 28 5 5 2
20181003 30 7 3 0
20181003 27 3 16 2
